 -.1000000000E+03 0.0000000000E+00 0.0000000000E+00 0.0000000000E+00
 -.9979999999E+02 -.1240003786E-83 0.7966291302E-84 0.1473847807E-83
 -.9959999998E+02 -.3542099784E-83 0.1986492167E-83 0.4061110933E-83
 -.9939999999E+02 -.8732381647E-83 0.4231011384E-83 0.9703398711E-83
 -.9919999996E+02 -.2090538309E-82 0.8624041803E-83 0.2261435692E-82
 -.9900000002E+02 -.4954398025E-82 0.1704375729E-82 0.5239366032E-82
 -.9879999999E+02 -.1166558814E-81 0.3246173992E-82 0.1210882290E-81
 -.9859999996E+02 -.2731152592E-81 0.5863375222E-82 0.2793382568E-81
 -.9839999992E+02 -.6359298720E-81 0.9711796560E-82 0.6433029624E-81
 -.9820000008E+02 -.1472791861E-80 0.1353147821E-81 0.1478994914E-80
 -.9800000004E+02 -.3392869695E-80 0.1075601566E-81 0.3394574193E-80
 -.9780000001E+02 -.7774962271E-80 -.2195979686E-81 0.7778062842E-80
 -.9759999998E+02 -.1772289941E-79 -.1566595147E-80 0.1779200337E-79
 -.9739999995E+02 -.4018512750E-79 -.5995012386E-80 0.4062984920E-79
 -.9719999991E+02 -.9062898661E-79 -.1912942132E-79 0.9262584938E-79
 -.9700000007E+02 -.2032848008E-78 -.5581200435E-79 0.2108072344E-78
 -.9679999985E+02 -.4534508063E-78 -.1542430805E-78 0.4789661382E-78
 -.9659999982E+02 -.1005725682E-77 -.4108295800E-78 0.1086400061E-77
 -.9640000015E+02 -.2217546044E-77 -.1065001728E-77 0.2460028280E-77
 -.9620000012E+02 -.4859699056E-77 -.2703406964E-77 0.5561032650E-77
 -.9600000009E+02 -.1058195895E-76 -.6746752807E-77 0.1254976210E-76
 -.9580000006E+02 -.2288708613E-76 -.1660040267E-76 0.2827352260E-76
 -.9560000002E+02 -.4914677920E-76 -.4035188170E-76 0.6358993837E-76
 -.9539999999E+02 -.1047243025E-75 -.9704800057E-76 0.1427777782E-75
 -.9519999996E+02 -.2212880337E-75 -.2311999681E-75 0.3200340905E-75
 -.9499999993E+02 -.4632984174E-75 -.5460806075E-75 0.7161350804E-75
 -.9479999989E+02 -.9600377075E-75 -.1279678970E-74 0.1599765816E-74
 -.9459999986E+02 -.1966213992E-74 -.2976913802E-74 0.3567634124E-74
 -.9439999983E+02 -.3972610442E-74 -.6877813111E-74 0.7942666234E-74
 -.9420000017E+02 -.7897879861E-74 -.1578751262E-73 0.1765282020E-73
 -.9400000013E+02 -.1539406248E-73 -.3601524866E-73 0.3916727328E-73
 -.9380000010E+02 -.2925859425E-73 -.8167212923E-73 0.8675483866E-73
 -.9359999970E+02 -.5376473861E-73 -.1841453681E-72 0.1918336876E-72
 -.9340000004E+02 -.9412445385E-73 -.4128708800E-72 0.4234640202E-72
 -.9319999963E+02 -.1525570469E-72 -.9206317461E-72 0.9331861896E-72
 -.9299999997E+02 -.2137127552E-72 -.2041803203E-71 0.2052957248E-71
 -.9280000031E+02 -.1999444933E-72 -.4504260855E-71 0.4508696447E-71
 -.9259999990E+02 0.1538750221E-72 -.9883906419E-71 0.9885104128E-71
 -.9240000024E+02 0.1631831962E-71 -.2157404221E-70 0.2163566899E-70
 -.9219999984E+02 0.6382364764E-71 -.4684069575E-70 0.4727351646E-70
 -.9200000018E+02 0.2001580501E-70 -.1011541370E-69 0.1031154299E-69
 -.9179999977E+02 0.5669889877E-70 -.2172600822E-69 0.2245366527E-69
 -.9160000011E+02 0.1513171625E-69 -.4640519479E-69 0.4880994714E-69
 -.9139999971E+02 0.3880962366E-69 -.9855610399E-69 0.1059221059E-68
 -.9120000005E+02 0.9671312334E-69 -.2080914098E-68 0.2294677822E-68
 -.9099999964E+02 0.2357372542E-68 -.4366996113E-68 0.4962646507E-68
 -.9079999998E+02 0.5645050947E-68 -.9106493134E-68 0.1071423434E-67
 -.9060000032E+02 0.1332032704E-67 -.1886312009E-67 0.2309217209E-67
 -.9039999992E+02 0.3103916964E-67 -.3879631158E-67 0.4968484522E-67
 -.9020000026E+02 0.7154023887E-67 -.7918811100E-67 0.1067181461E-66
 -.8999999985E+02 0.1632920532E-66 -.1603045355E-66 0.2288270936E-66
 -.8980000019E+02 0.3694572504E-66 -.3215882687E-66 0.4898139182E-66
 -.8959999979E+02 0.8292217652E-66 -.6386746277E-66 0.1046668054E-65
 -.8940000013E+02 0.1847319089E-65 -.1254032455E-65 0.2232752833E-65
 -.8919999972E+02 0.4086814530E-65 -.2430103048E-65 0.4754729627E-65
 -.8900000006E+02 0.8981881292E-65 -.4636482310E-65 0.1010797506E-64
 -.8879999965E+02 0.1961666013E-64 -.8680352779E-65 0.2145138408E-64
 -.8859999999E+02 0.4258615458E-64 -.1586788219E-64 0.4544634470E-64
 -.8840000033E+02 0.9191495347E-64 -.2810491972E-64 0.9611579050E-64
 -.8819999993E+02 0.1972644753E-63 -.4760848261E-64 0.2029281666E-63
 -.8800000027E+02 0.4210283491E-63 -.7526099628E-64 0.4277021022E-63
 -.8779999986E+02 0.8937464306E-63 -.1050109500E-63 0.8998944281E-63
 -.8760000020E+02 0.1887060650E-62 -.1077379213E-63 0.1890133687E-62
 -.8739999980E+02 0.3963164526E-62 0.1148073734E-64 0.3963181155E-62
 -.8719999939E+02 0.8279188857E-62 0.5208235859E-63 0.8295554553E-62
 -.8700000048E+02 0.1720348385E-61 0.2122445274E-62 0.1733391561E-61
 -.8680000007E+02 0.3555576244E-61 0.6568581142E-62 0.3615741280E-61
 -.8659999967E+02 0.7308675051E-61 0.1808774516E-61 0.7529169692E-61
 -.8639999926E+02 0.1494031054E-60 0.4663134012E-61 0.1565112449E-60
 -.8620000035E+02 0.3036798661E-60 0.1151611754E-60 0.3247823231E-60
 -.8599999994E+02 0.6136699768E-60 0.2758109081E-60 0.6728019749E-60
 -.8579999954E+02 0.1232607673E-59 0.6453483813E-60 0.1391328936E-59
 -.8560000062E+02 0.2460213363E-59 0.1482253157E-59 0.2872233315E-59
 -.8540000021E+02 0.4877970180E-59 0.3352805072E-59 0.5919112681E-59
 -.8519999981E+02 0.9604002443E-59 0.7486144176E-59 0.1217699542E-58
 -.8499999940E+02 0.1876722485E-58 0.1652771747E-58 0.2500748235E-58
 -.8480000049E+02 0.3637633025E-58 0.3612703632E-58 0.5126792522E-58
 -.8460000008E+02 0.6988401234E-58 0.7826160474E-58 0.1049221328E-57
 -.8439999968E+02 0.1329401545E-57 0.1681517263E-57 0.2143550506E-57
 -.8419999927E+02 0.2500979897E-57 0.3585583483E-57 0.4371648358E-57
 -.8400000036E+02 0.4645394919E-57 0.7591733055E-57 0.8900230600E-57
 -.8379999995E+02 0.8500076151E-57 0.1596686966E-56 0.1808845547E-56
 -.8359999955E+02 0.1527404881E-56 0.3336864020E-56 0.3669826584E-56
 -.8340000063E+02 0.2683129142E-56 0.6931262906E-56 0.7432468464E-56
 -.8320000023E+02 0.4575628113E-56 0.1431312199E-55 0.1502670402E-55
 -.8299999982E+02 0.7488028246E-56 0.2938858602E-55 0.3032753791E-55
 -.8279999942E+02 0.1151303398E-55 0.6000718672E-55 0.6110165635E-55
 -.8260000050E+02 0.1588538482E-55 0.1218573406E-54 0.1228883920E-54
 -.8240000010E+02 0.1718309740E-55 0.2461243660E-54 0.2467234532E-54
 -.8219999969E+02 0.4832846741E-56 0.4944593541E-54 0.4944829717E-54
 -.8199999928E+02 -.4959736053E-55 0.9880678460E-54 0.9893118651E-54
 -.8180000037E+02 -.2170675976E-54 0.1963898179E-53 0.1975857889E-53
 -.8159999996E+02 -.6664980102E-54 0.3882501935E-53 0.3939294464E-53
 -.8139999956E+02 -.1786890566E-53 0.7633743539E-53 0.7840090453E-53
 -.8120000064E+02 -.4452063941E-53 0.1492645444E-52 0.1557626128E-52
 -.8100000024E+02 -.1058677684E-52 0.2902118663E-52 0.3089189404E-52
 -.8079999983E+02 -.2436317278E-52 0.5609752765E-52 0.6115960102E-52
 -.8059999943E+02 -.5470318095E-52 0.1077841924E-51 0.1208712958E-51
 -.8040000051E+02 -.1204637033E-51 0.2057979014E-51 0.2384623241E-51
 -.8020000011E+02 -.2610896963E-51 0.3903622817E-51 0.4696280874E-51
 -.7999999970E+02 -.5583298737E-51 0.7353116952E-51 0.9232635252E-51
 -.7979999930E+02 -.1180179576E-50 0.1374830216E-50 0.1811900094E-50
 -.7960000038E+02 -.2469189161E-50 0.2550051788E-50 0.3549599870E-50
 -.7939999998E+02 -.5118768289E-50 0.4688740157E-50 0.6941618907E-50
 -.7919999957E+02 -.1052296206E-49 0.8538294717E-50 0.1355120685E-49
 -.7900000066E+02 -.2146618289E-49 0.1538082687E-49 0.2640770423E-49
 -.7880000025E+02 -.4347531089E-49 0.2736570444E-49 0.5137104667E-49
 -.7859999985E+02 -.8745502036E-49 0.4798921432E-49 0.9975642976E-49
 -.7839999944E+02 -.1747951896E-48 0.8270479568E-49 0.1933738388E-48
 -.7820000052E+02 -.3472141169E-48 0.1394924462E-48 0.3741868324E-48
 -.7800000012E+02 -.6856236712E-48 0.2287953859E-48 0.7227912196E-48
 -.7779999971E+02 -.1346085538E-47 0.3611974508E-48 0.1393703653E-47
 -.7759999931E+02 -.2627962172E-47 0.5388137751E-48 0.2682630325E-47
 -.7740000039E+02 -.5102366283E-47 0.7310100271E-48 0.5154465767E-47
 -.7719999999E+02 -.9852886569E-47 0.8134484624E-48 0.9886408455E-47
 -.7699999958E+02 -.1892412077E-46 0.4248176613E-48 0.1892888842E-46
 -.7680000067E+02 -.3615245533E-46 -.1355744004E-47 0.3617786710E-46
 -.7660000026E+02 -.6869544663E-46 -.6712942982E-47 0.6902266288E-46
 -.7639999986E+02 -.1298293996E-45 -.2059746987E-46 0.1314531428E-45
 -.7619999945E+02 -.2440328411E-45 -.5387057381E-46 0.2499081156E-45
 -.7600000054E+02 -.4561591619E-45 -.1297861866E-45 0.4742632552E-45
 -.7580000013E+02 -.8478648923E-45 -.2971789446E-45 0.8984376443E-45
 -.7559999973E+02 -.1566798326E-44 -.6569910989E-45 0.1698968598E-44
 -.7539999932E+02 -.2878011157E-44 -.1415092257E-44 0.3207091254E-44
 -.7520000041E+02 -.5253651064E-44 -.2986496290E-44 0.6043178766E-44
 -.7500000000E+02 -.9527777030E-44 -.6199276520E-44 0.1136703851E-43
 -.7479999959E+02 -.1716035565E-43 -.1269047660E-43 0.2134305513E-43
 -.7459999919E+02 -.3068113548E-43 -.2566923707E-43 0.4000302246E-43
 -.7439999878E+02 -.5442353450E-43 -.5137769075E-43 0.7484375869E-43
 -.7420000136E+02 -.9571323568E-43 -.1018694256E-42 0.1397798389E-42
 -.7400000095E+02 -.1667430453E-42 -.2002607666E-42 0.2605909012E-42
 -.7380000055E+02 -.2874267166E-42 -.3905956128E-42 0.4849526267E-42
 -.7360000014E+02 -.4895239754E-42 -.7562679980E-42 0.9008745791E-42
 -.7339999974E+02 -.8221234870E-42 -.1454227776E-41 0.1670528495E-41
 -.7319999933E+02 -.1357825699E-41 -.2778130690E-41 0.3092199987E-41
 -.7299999893E+02 -.2196946111E-41 -.5274269914E-41 0.5713536150E-41
 -.7279999852E+02 -.3462196810E-41 -.9953214142E-41 0.1053818194E-40
 -.7260000110E+02 -.5265370645E-41 -.1867400134E-40 0.1940212499E-40
 -.7240000069E+02 -.7604026072E-41 -.3483765831E-40 0.3565786939E-40
 -.7220000029E+02 -.1009710812E-40 -.6463197967E-40 0.6541593375E-40
 -.7199999988E+02 -.1136853672E-40 -.1192528611E-39 0.1197935245E-39
 -.7179999948E+02 -.7688176947E-41 -.2188449514E-39 0.2189799552E-39
 -.7159999907E+02 0.9913030486E-41 -.3994500589E-39 0.3995730443E-39
 -.7139999866E+02 0.6159907829E-40 -.7251823457E-39 0.7277938451E-39
 -.7120000124E+02 0.1907634032E-39 -.1309423071E-38 0.1323245803E-38
 -.7100000083E+02 0.4879254965E-39 -.2351464708E-38 0.2401553156E-38
 -.7080000043E+02 0.1137495951E-38 -.4199408094E-38 0.4350738487E-38
 -.7060000002E+02 0.2508158151E-38 -.7457289414E-38 0.7867783851E-38
 -.7039999962E+02 0.5325642703E-38 -.1316602313E-37 0.1420234612E-37
 -.7019999921E+02 0.1099978595E-37 -.2310625194E-37 0.2559090013E-37
 -.6999999881E+02 0.2223816724E-37 -.4030014951E-37 0.4602866643E-37
 -.6980000138E+02 0.4418806114E-37 -.6983349359E-37 0.8263958842E-37
 -.6960000098E+02 0.8654545818E-37 -.1201850081E-36 0.1481031820E-36
 -.6940000057E+02 0.1674223594E-36 -.2053434029E-36 0.2649455785E-36
 -.6920000017E+02 0.3203902660E-36 -.3481173037E-36 0.4731126501E-36
 -.6899999976E+02 0.6072254830E-36 -.5851923606E-36 0.8433106700E-36
 -.6879999936E+02 0.1140828215E-35 -.9746284590E-36 0.1500463145E-35
 -.6859999895E+02 0.2126187404E-35 -.1606518460E-35 0.2664877941E-35
 -.6839999855E+02 0.3933167893E-35 -.2617208590E-35 0.4724361383E-35
 -.6820000112E+02 0.7225090941E-35 -.4206281061E-35 0.8360307380E-35
 -.6800000072E+02 0.1318457663E-34 -.6652317144E-35 0.1476774811E-34
 -.6780000031E+02 0.2390796773E-34 -.1031606672E-34 0.2603866650E-34
 -.6759999990E+02 0.4309027637E-34 -.1560368356E-34 0.4582845032E-34
 -.6739999950E+02 0.7720789417E-34 -.2282975464E-34 0.8051246251E-34
 -.6719999909E+02 0.1375491208E-33 -.3185412936E-34 0.1411893983E-33
 -.6699999869E+02 0.2436800686E-33 -.4123858782E-34 0.2471448906E-33
 -.6680000126E+02 0.4293256967E-33 -.4642506081E-34 0.4318284846E-33
 -.6660000086E+02 0.7522885923E-33 -.3597809372E-34 0.7531484245E-33
 -.6640000045E+02 0.1311073418E-32 0.1591641804E-34 0.1311170027E-32
 -.6620000005E+02 0.2272570460E-32 0.1640619856E-33 0.2278484767E-32
 -.6599999964E+02 0.3917843759E-32 0.5201604249E-33 0.3952222994E-32
 -.6579999924E+02 0.6717325353E-32 0.1305274389E-32 0.6842967275E-32
 -.6559999883E+02 0.1145336782E-31 0.2947114817E-32 0.1182645848E-31
 -.6540000141E+02 0.1941836255E-31 0.6258338020E-32 0.2040195086E-31
 -.6520000100E+02 0.3273219991E-31 0.1275991385E-31 0.3513135796E-31
 -.6500000060E+02 0.5484603669E-31 0.2526211013E-31 0.6038428561E-31
 -.6480000019E+02 0.9133308156E-31 0.4889939264E-31 0.1035996254E-30
 -.6459999979E+02 0.1511146963E-30 0.9295926562E-31 0.1774178021E-30
 -.6439999938E+02 0.2483343954E-30 0.1740901590E-30 0.3032776870E-30
 -.6419999897E+02 0.4051735964E-30 0.3218887838E-30 0.5174727358E-30
 -.6399999857E+02 0.6559943833E-30 0.5885668912E-30 0.8813283249E-30
 -.6380000114E+02 0.1053272669E-29 0.1065568480E-29 0.1498272172E-29
 -.6360000074E+02 0.1675791504E-29 0.1911957476E-29 0.2542411956E-29
 -.6340000033E+02 0.2639370006E-29 0.3402619854E-29 0.4306285627E-29
 -.6319999993E+02 0.4109745197E-29 0.6009626039E-29 0.7280495225E-29
 -.6299999952E+02 0.6315584074E-29 0.1053876450E-28 0.1228625897E-28
 -.6279999912E+02 0.9556001615E-29 0.1835733386E-28 0.2069562450E-28
 -.6259999871E+02 0.1418958075E-28 0.3177200413E-28 0.3479661547E-28
 -.6240000129E+02 0.2057743603E-28 0.5465200385E-28 0.5839753761E-28
 -.6220000088E+02 0.2892544440E-28 0.9345096067E-28 0.9782516743E-28
 -.6200000048E+02 0.3892000045E-28 0.1588725954E-27 0.1635703763E-27
 -.6180000007E+02 0.4895947710E-28 0.2685698029E-27 0.2729959146E-27
 -.6159999967E+02 0.5461882977E-28 0.4514915947E-27 0.4547833293E-27
 -.6139999926E+02 0.4569436034E-28 0.7548401372E-27 0.7562219299E-27
 -.6119999886E+02 0.6696901207E-30 0.1255132927E-26 0.1255133106E-26
 -.6100000143E+02 -.1234282348E-27 0.2075673563E-26 0.2079340105E-26
 -.6080000103E+02 -.4093036280E-27 0.3413947944E-26 0.3438396432E-26
 -.6060000062E+02 -.1011838240E-26 0.5584261257E-26 0.5675190782E-26
 -.6040000021E+02 -.2214983425E-26 0.9083560706E-26 0.9349718000E-26
 -.6019999981E+02 -.4530423414E-26 0.1469216724E-25 0.1537480129E-25
 -.5999999940E+02 -.8866999544E-26 0.2362646027E-25 0.2523555638E-25
 -.5979999900E+02 -.1681904571E-25 0.3776785738E-25 0.4134357688E-25
 -.5959999859E+02 -.3115304979E-25 0.6000209822E-25 0.6760742786E-25
 -.5940000117E+02 -.5662274043E-25 0.9471501818E-25 0.1103497594E-24
 -.5920000076E+02 -.1013243473E-24 0.1485051536E-24 0.1797787640E-24
 -.5900000036E+02 -.1789344817E-24 0.2311876089E-24 0.2923444189E-24
 -.5879999995E+02 -.3123810458E-24 0.3571726339E-24 0.4745041709E-24
 -.5859999955E+02 -.5398263857E-24 0.5472954249E-24 0.7687293469E-24
 -.5839999914E+02 -.9243586470E-24 0.8311294706E-24 0.1243066814E-23
 -.5819999874E+02 -.1569594339E-23 0.1249694044E-23 0.2006330380E-23
 -.5800000131E+02 -.2644647668E-23 0.1858194115E-23 0.3232189143E-23
 -.5780000091E+02 -.4423853914E-23 0.2727878608E-23 0.5197288250E-23
 -.5760000050E+02 -.7349593210E-23 0.3945045815E-23 0.8341457117E-23
 -.5740000010E+02 -.1213106518E-22 0.5603280761E-23 0.1336261567E-22
 -.5719999969E+02 -.1989866986E-22 0.7781533584E-23 0.2136607889E-22
 -.5699999928E+02 -.3244385935E-22 0.1049457314E-22 0.3409897469E-22
 -.5679999888E+02 -.5258952052E-22 0.1359192090E-22 0.5431756606E-22
 -.5660000145E+02 -.8475838221E-22 0.1656373499E-22 0.8636168521E-22
 -.5640000105E+02 -.1358397671E-21 0.1818267986E-22 0.1370512757E-21
 -.5620000064E+02 -.2165025634E-21 0.1586224534E-22 0.2170828662E-21
 -.5600000024E+02 -.3431704959E-21 0.4532657809E-23 0.3432004287E-21
 -.5579999983E+02 -.5409723422E-21 -.2529282535E-22 0.5415632946E-21
 -.5559999943E+02 -.8481146520E-21 -.9079432063E-22 0.8529607679E-21
 -.5539999902E+02 -.1322309926E-20 -.2223250820E-21 0.1340869860E-20
 -.5519999862E+02 -.2050142996E-20 -.4724725288E-21 0.2103881316E-20
 -.5500000119E+02 -.3160586640E-20 -.9308892476E-21 0.3294823622E-20
 -.5480000079E+02 -.4844295035E-20 -.1748344792E-20 0.5150136299E-20
 -.5460000038E+02 -.7380810197E-20 -.3175400229E-20 0.8034894261E-20
 -.5439999998E+02 -.1117638981E-19 -.5624104265E-20 0.1251168405E-19
 -.5419999957E+02 -.1681573119E-19 -.9765682155E-20 0.1944575438E-19
 -.5399999917E+02 -.2513126816E-19 -.1668412066E-19 0.3016522040E-19
 -.5379999876E+02 -.3729363718E-19 -.2811599433E-19 0.4670465193E-19
 -.5360000134E+02 -.5492576128E-19 -.4682250688E-19 0.7217469365E-19
 -.5340000093E+02 -.8023975015E-19 -.7716296381E-19 0.1113217880E-18
 -.5320000052E+02 -.1161886774E-18 -.1259732228E-18 0.1713740401E-18
 -.5300000012E+02 -.1666113281E-18 -.2039030690E-18 0.2633169120E-18
 -.5279999971E+02 -.2363223030E-18 -.3274399033E-18 0.4038132256E-18
 -.5259999931E+02 -.3310546112E-18 -.5219524485E-18 0.6180869793E-18
 -.5239999890E+02 -.4570845619E-18 -.8262409223E-18 0.9442459205E-18
 -.5220000148E+02 -.6202397783E-18 -.1299297926E-17 0.1439747368E-17
 -.5200000107E+02 -.8237800152E-18 -.2030292353E-17 0.2191050102E-17
 -.5180000067E+02 -.1064300181E-17 -.3153220374E-17 0.3327992428E-17
 -.5160000026E+02 -.1324264316E-17 -.4868267706E-17 0.5045166641E-17
 -.5139999986E+02 -.1558929818E-17 -.7472751914E-17 0.7633628452E-17
 -.5119999945E+02 -.1674101452E-17 -.1140563473E-16 0.1152784105E-16
 -.5099999905E+02 -.1489123728E-17 -.1731109867E-16 0.1737502883E-16
 -.5079999864E+02 -.6764229615E-18 -.2612867109E-16 0.2613742530E-16
 -.5060000122E+02 0.1335773459E-17 -.3921996169E-16 0.3924270232E-16
 -.5040000081E+02 0.5517939810E-17 -.5854536347E-16 0.5880482330E-16
 -.5020000041E+02 0.1348183744E-16 -.8690812130E-16 0.8794760650E-16
 -.5000000000E+02 0.2785750523E-16 -.1282880123E-15 0.1312777769E-15
 -.4980000257E+02 0.5287366682E-16 -.1882923258E-15 0.1955751124E-15
 -.4959999919E+02 0.9524363182E-16 -.2747574588E-15 0.2907971984E-15
 -.4940000176E+02 0.1655066121E-15 -.3985392682E-15 0.4315390908E-15
 -.4919999838E+02 0.2800431834E-15 -.5745326939E-15 0.6391494355E-15
 -.4900000095E+02 0.4640817785E-15 -.8229576740E-15 0.9447916333E-15
 -.4879999757E+02 0.7561524371E-15 -.1170934345E-14 0.1393862887E-14
 -.4860000014E+02 0.1214639989E-14 -.1654336586E-14 0.2052359579E-14
 -.4840000272E+02 0.1927363312E-14 -.2319846954E-14 0.3016027060E-14
 -.4819999933E+02 0.3025487705E-14 -.3227015292E-14 0.4423483192E-14
 -.4800000191E+02 0.4703602181E-14 -.4449917584E-14 0.6475001157E-14
 -.4779999852E+02 0.7248511451E-14 -.6077672145E-14 0.9459334910E-14
 -.4760000110E+02 0.1108026420E-13 -.8212523107E-14 0.1379194659E-13
 -.4739999771E+02 0.1681025070E-13 -.1096334668E-13 0.2006936718E-13
 -.4720000029E+02 0.2532294330E-13 -.1443111058E-13 0.2914632756E-13
 -.4700000286E+02 0.3789016138E-13 -.1868081344E-13 0.4224496562E-13
 -.4679999948E+02 0.5632973997E-13 -.2369141487E-13 0.6110910525E-13
 -.4660000205E+02 0.8322436003E-13 -.2927080862E-13 0.8822173394E-13
 -.4639999866E+02 0.1222212372E-12 -.3491635191E-13 0.1271109062E-12
 -.4620000124E+02 0.1784395137E-12 -.3959195646E-13 0.1827790553E-12
 -.4599999785E+02 0.2590198222E-12 -.4137909741E-13 0.2623042089E-12
 -.4580000043E+02 0.3738595286E-12 -.3693958658E-13 0.3756800237E-12
 -.4559999704E+02 0.5365878381E-12 -.2070040737E-13 0.5369869783E-12
 -.4539999962E+02 0.7658466410E-12 0.1636780993E-13 0.7660215289E-12
 -.4520000219E+02 0.1086955560E-11 0.8856095746E-13 0.1090557396E-11
 -.4499999881E+02 0.1534051109E-11 0.2180970476E-12 0.1549477049E-11
 -.4480000138E+02 0.2152798660E-11 0.4389761564E-12 0.2197098572E-11
 -.4459999800E+02 0.3003778059E-11 0.8025427953E-12 0.3109140969E-11
 -.4440000057E+02 0.4166632225E-11 0.1385436683E-11 0.4390929161E-11
 -.4419999719E+02 0.5745036497E-11 0.2300870253E-11 0.6188654803E-11
 -.4399999976E+02 0.7872476729E-11 0.3714506495E-11 0.8704794561E-11
 -.4380000234E+02 0.1071870242E-10 0.5866654619E-11 0.1221917420E-10
 -.4359999895E+02 0.1449651039E-10 0.9103080830E-11 0.1711767782E-10
 -.4340000153E+02 0.1946818188E-10 0.1391748589E-10 0.2393128745E-10
 -.4319999814E+02 0.2595038068E-10 0.2100967358E-10 0.3338904972E-10
 -.4300000072E+02 0.3431553350E-10 0.3136466838E-10 0.4648976513E-10
 -.4279999733E+02 0.4498657056E-10 0.4635961061E-10 0.6459880050E-10
 -.4259999990E+02 0.5842021736E-10 0.6790719878E-10 0.8957850994E-10
 -.4240000248E+02 0.7507165211E-10 0.9864687114E-10 0.1239635355E-09
 -.4219999909E+02 0.9532994430E-10 0.1421978290E-09 0.1711958552E-09
 -.4200000167E+02 0.1194089904E-09 0.2034915196E-09 0.2359391988E-09
 -.4179999828E+02 0.1471721726E-09 0.2892053381E-09 0.3244986533E-09
 -.4160000086E+02 0.1778600540E-09 0.4083239848E-09 0.4453792489E-09
 -.4139999747E+02 0.2096784835E-09 0.5728602939E-09 0.6100278541E-09
 -.4120000005E+02 0.2391883327E-09 0.7987728788E-09 0.8338160291E-09
 -.4100000262E+02 0.2604168321E-09 0.1107123881E-08 0.1137339093E-08
 -.4079999924E+02 0.2635822864E-09 0.1525525172E-08 0.1548128764E-08
 -.4060000181E+02 0.2332873720E-09 0.2089925517E-08 0.2102905529E-08
 -.4039999843E+02 0.1459888218E-09 0.2846792906E-08 0.2850533737E-08
 -.4020000100E+02 -.3350956398E-10 0.3855742899E-08 0.3855888509E-08
 -.3999999762E+02 -.3568707653E-09 0.5192655149E-08 0.5204903864E-08
 -.3980000019E+02 -.8987728124E-09 0.6953298940E-08 0.7011145321E-08
 -.3960000277E+02 -.1765740398E-08 0.9257455196E-08 0.9424346973E-08
 -.3939999938E+02 -.3107958695E-08 0.1225346354E-07 0.1264147048E-07
 -.3920000196E+02 -.5134951486E-08 0.1612303732E-07 0.1692099462E-07
 -.3899999857E+02 -.8136228064E-08 0.2108606298E-07 0.2260133312E-07
 -.3880000114E+02 -.1250826709E-07 0.2740491219E-07 0.3012450759E-07
 -.3859999776E+02 -.1878952019E-07 0.3538754622E-07 0.4006650093E-07
 -.3840000033E+02 -.2770547771E-07 0.4538832997E-07 0.5317606597E-07
 -.3820000291E+02 -.4022625886E-07 0.5780501013E-07 0.7042422238E-07
 -.3799999952E+02 -.5763964593E-07 0.7306966474E-07 0.9306720523E-07
 -.3780000210E+02 -.8164299191E-07 0.9163060875E-07 0.1227263076E-06
 -.3759999871E+02 -.1144579741E-06 0.1139211690E-06 0.1614888868E-06
 -.3740000129E+02 -.1589726874E-06 0.1403098340E-06 0.2120357632E-06
 -.3719999790E+02 -.2189161227E-06 0.1710245750E-06 0.2778015011E-06
 -.3700000048E+02 -.2990704636E-06 0.2060418854E-06 0.3631754407E-06
 -.3679999709E+02 -.4055269986E-06 0.2449284366E-06 0.4737531906E-06
 -.3659999967E+02 -.5459914078E-06 0.2866198315E-06 0.6166502617E-06
 -.3640000224E+02 -.7301440057E-06 0.3291170002E-06 0.8008921706E-06
 -.3619999886E+02 -.9700595500E-06 0.3690758411E-06 0.1037898120E-05
 -.3600000143E+02 -.1280689769E-05 0.4012600656E-06 0.1342078956E-05
 -.3579999804E+02 -.1680409359E-05 0.4178205469E-06 0.1731574319E-05
 -.3560000062E+02 -.2191622081E-05 0.4073566671E-06 0.2229158316E-05
 -.3539999723E+02 -.2841418742E-05 0.3537066383E-06 0.2863349237E-05
 -.3519999981E+02 -.3662270637E-05 0.2344038737E-06 0.3669764488E-05
 -.3500000238E+02 -.4692732985E-05 0.1872613224E-07 0.4692770348E-05
 -.3479999900E+02 -.5978118719E-05 -.3347472803E-06 0.5987483541E-05
 -.3460000157E+02 -.7571086800E-05 -.8811663659E-06 0.7622191909E-05
 -.3439999819E+02 -.9532068572E-05 -.1693137059E-05 0.9681272869E-05
 -.3420000076E+02 -.1192942742E-04 -.2865261837E-05 0.1226869854E-04
 -.3399999738E+02 -.1483921805E-04 -.4519621807E-05 0.1551223303E-04
 -.3379999995E+02 -.1834436929E-04 -.6812333344E-05 0.1956843811E-04
 -.3360000253E+02 -.2253307377E-04 -.9941315354E-05 0.2462862490E-04
 -.3339999914E+02 -.2749610968E-04 -.1415539786E-04 0.3092590074E-04
 -.3320000172E+02 -.3332276265E-04 -.1976489110E-04 0.3874348243E-04
 -.3299999833E+02 -.4009495035E-04 -.2715371346E-04 0.4842446900E-04
 -.3280000091E+02 -.4787906892E-04 -.3679313622E-04 0.6038327677E-04
 -.3259999752E+02 -.5671501389E-04 -.4925715824E-04 0.7511897522E-04
 -.3240000010E+02 -.6660172722E-04 -.6523944174E-04 0.9323076116E-04
 -.3220000267E+02 -.7747855786E-04 -.8557165954E-04 0.1154358516E-03
 -.3199999928E+02 -.8920161925E-04 -.1112429663E-03 0.1425900643E-03
 -.3180000186E+02 -.1015142683E-03 -.1434201644E-03 0.1757113833E-03
 -.3159999847E+02 -.1140107744E-03 -.1834679610E-03 0.2160068272E-03
 -.3140000105E+02 -.1260921844E-03 -.2329684601E-03 0.2649028924E-03
 -.3119999766E+02 -.1369134198E-03 -.2937388321E-03 0.3240799068E-03
 -.3100000024E+02 -.1453206351E-03 -.3678457403E-03 0.3955105253E-03
 -.3080000281E+02 -.1497780011E-03 -.4576148749E-03 0.4815026722E-03
 -.3059999943E+02 -.1482831838E-03 -.5656334878E-03 0.5847470779E-03
 -.3040000200E+02 -.1382710614E-03 -.6947435161E-03 0.7083695643E-03
 -.3019999862E+02 -.1165055503E-03 -.8480225461E-03 0.8559881903E-03
 -.3000000119E+02 -.7895981426E-04 -.1028749327E-02 0.1031775087E-02
 -.2979999781E+02 -.2068574523E-04 -.1240350469E-02 0.1240522948E-02
 -.2960000038E+02 0.6432576060E-04 -.1486324325E-02 0.1487715632E-02
 -.2940000296E+02 0.1832913350E-03 -.1770138283E-02 0.1779602555E-02
 -.2919999957E+02 0.3447851514E-03 -.2095095130E-02 0.2123275866E-02
 -.2900000215E+02 0.5588879571E-03 -.2464164557E-02 0.2526749436E-02
 -.2879999876E+02 0.8373295096E-03 -.2879776218E-02 0.2999038475E-02
 -.2860000134E+02 0.1193617390E-02 -.3343570755E-02 0.3550237720E-02
 -.2839999795E+02 0.1643143973E-02 -.3856106852E-02 0.4191596613E-02
 -.2820000052E+02 0.2203261696E-02 -.4416522510E-02 0.4935588433E-02
 -.2799999714E+02 0.2893315867E-02 -.5022151483E-02 0.5795971207E-02
 -.2779999971E+02 0.3734622521E-02 -.5668096314E-02 0.6787836268E-02
 -.2760000229E+02 0.4750378664E-02 -.6346763427E-02 0.7927641733E-02
 -.2739999890E+02 0.5965490844E-02 -.7047366774E-02 0.9233225842E-02
 -.2720000148E+02 0.7406308356E-02 -.7755410842E-02 0.1072379601E-01
 -.2699999809E+02 0.9100248436E-02 -.8452167596E-02 0.1241988964E-01
 -.2680000067E+02 0.1107530043E-01 -.9114163813E-02 0.1434330024E-01
 -.2659999728E+02 0.1335940061E-01 -.9712701863E-02 0.1651696589E-01
 -.2639999986E+02 0.1597966929E-01 -.1021343758E-01 0.1896481315E-01
 -.2620000243E+02 0.1896151011E-01 -.1057604571E-01 0.2171155473E-01
 -.2599999905E+02 0.2232757264E-01 -.1075400288E-01 0.2478243487E-01
 -.2580000162E+02 0.2609658851E-01 -.1069452232E-01 0.2820292077E-01
 -.2559999824E+02 0.3028210069E-01 -.1033867536E-01 0.3199834106E-01
 -.2540000081E+02 0.3489110788E-01 -.9621731200E-02 0.3619346792E-01
 -.2519999743E+02 0.3992266421E-01 -.8473747261E-02 0.4081205105E-01
 -.2500000000E+02 0.4536647327E-01 -.6820433439E-02 0.4587630335E-01
 -.2480000257E+02 0.5120153627E-01 -.4584309333E-02 0.5140635378E-01
 -.2459999919E+02 0.5739490996E-01 -.1686159831E-02 0.5741967279E-01
 -.2440000176E+02 0.6390064369E-01 0.1953216020E-02 0.6393048817E-01
 -.2419999838E+02 0.7065897117E-01 0.6410984428E-02 0.7094921372E-01
 -.2400000095E+02 0.7759581786E-01 0.1176002316E-01 0.7848190298E-01
 -.2379999757E+02 0.8462270183E-01 0.1806649099E-01 0.8652976229E-01
 -.2360000014E+02 0.9163707195E-01 0.2538729307E-01 0.9508873542E-01
 -.2340000272E+02 0.9852313947E-01 0.3376753321E-01 0.1041491974E+00
 -.2319999933E+02 0.1051532133E+00 0.4323805289E-01 0.1136957672E+00
 -.2300000191E+02 0.1113895432E+00 0.5381316617E-01 0.1237072641E+00
 -.2279999852E+02 0.1170866514E+00 0.6548870497E-01 0.1341568277E+00
 -.2260000110E+02 0.1220940816E+00 0.7824047311E-01 0.1450121939E+00
 -.2239999771E+02 0.1262595029E+00 0.9202320972E-01 0.1562361456E+00
 -.2220000029E+02 0.1294320441E+00 0.1067701229E+00 0.1677871067E+00
 -.2200000286E+02 0.1314657550E+00 0.1223930510E+00 0.1796198866E+00
 -.2179999948E+02 0.1322230430E+00 0.1387832534E+00 0.1916865267E+00
 -.2160000205E+02 0.1315779568E+00 0.1558128156E+00 0.2039372262E+00
 -.2139999866E+02 0.1294191953E+00 0.1733366265E+00 0.2163213217E+00
 -.2120000124E+02 0.1256527100E+00 0.1911948283E+00 0.2287882556E+00
 -.2099999785E+02 0.1202038310E+00 0.2092156589E+00 0.2412885263E+00
 -.2080000043E+02 0.1130188327E+00 0.2272185416E+00 0.2537745499E+00
 -.2059999704E+02 0.1040659289E+00 0.2450173246E+00 0.2662014405E+00
 -.2039999962E+02 0.9333567615E-01 0.2624235151E+00 0.2785276462E+00
 -.2020000219E+02 0.8084083225E-01 0.2792494255E+00 0.2907154654E+00
 -.1999999881E+02 0.6661570661E-01 0.2953111046E+00 0.3027314005E+00
 -.1980000138E+02 0.5071508123E-01 0.3104309845E+00 0.3145463648E+00
 -.1959999800E+02 0.3321278658E-01 0.3244402085E+00 0.3261357663E+00
 -.1940000057E+02 0.1420001095E-01 0.3371805674E+00 0.3374794444E+00
 -.1919999719E+02 -.6216562261E-02 0.3485060800E+00 0.3485615204E+00
 -.1899999976E+02 -.2791671501E-01 0.3582841784E+00 0.3593701372E+00
 -.1880000234E+02 -.5076867936E-01 0.3663965707E+00 0.3698971558E+00
 -.1859999895E+02 -.7463108980E-01 0.3727397717E+00 0.3801377868E+00
 -.1840000153E+02 -.9935485450E-01 0.3772253609E+00 0.3900901947E+00
 -.1819999814E+02 -.1247849195E+00 0.3797800322E+00 0.3997551113E+00
 -.1800000072E+02 -.1507618957E+00 0.3803454331E+00 0.4091354270E+00
 -.1779999733E+02 -.1771235510E+00 0.3788778874E+00 0.4182358257E+00
 -.1759999990E+02 -.2037061504E+00 0.3753479861E+00 0.4270624151E+00
 -.1740000248E+02 -.2303456667E+00 0.3697401306E+00 0.4356224172E+00
 -.1719999909E+02 -.2568788552E+00 0.3620520082E+00 0.4439238706E+00
 -.1700000167E+02 -.2831442084E+00 0.3522940415E+00 0.4519753692E+00
 -.1679999828E+02 -.3089828192E+00 0.3404888435E+00 0.4597858579E+00
 -.1660000086E+02 -.3342391394E+00 0.3266706470E+00 0.4673644337E+00
 -.1639999747E+02 -.3587616789E+00 0.3108847610E+00 0.4747202090E+00
 -.1620000005E+02 -.3824036225E+00 0.2931870133E+00 0.4818621746E+00
 -.1600000262E+02 -.4050234130E+00 0.2736432219E+00 0.4887991183E+00
 -.1579999924E+02 -.4264852750E+00 0.2523286577E+00 0.4955395456E+00
 -.1560000181E+02 -.4466596979E+00 0.2293275144E+00 0.5020916197E+00
 -.1539999843E+02 -.4654239065E+00 0.2047323919E+00 0.5084631403E+00
 -.1520000100E+02 -.4826622765E+00 0.1786437629E+00 0.5146615074E+00
 -.1499999762E+02 -.4982667492E+00 0.1511694491E+00 0.5206937254E+00
 -.1480000019E+02 -.5121371941E+00 0.1224240788E+00 0.5265663877E+00
 -.1460000277E+02 -.5241817727E+00 0.9252854436E-01 0.5322856962E+00
 -.1439999938E+02 -.5343172562E+00 0.6160944168E-01 0.5378574659E+00
 -.1420000196E+02 -.5424693146E+00 0.2979849975E-01 0.5432871320E+00
 -.1399999857E+02 -.5485727990E+00 -.2768000511E-02 0.5485797824E+00
 -.1380000114E+02 -.5525719656E+00 -.3594982358E-01 0.5537401620E+00
 -.1359999776E+02 -.5544206950E+00 -.6960338751E-01 0.5587727074E+00
 -.1340000033E+02 -.5540826499E+00 -.1035823836E+00 0.5636815529E+00
 -.1320000291E+02 -.5515314261E+00 -.1377384079E+00 0.5684705647E+00
 -.1299999952E+02 -.5467506445E+00 -.1719215998E+00 0.5731433536E+00
 -.1280000210E+02 -.5397340064E+00 -.2059812847E+00 0.5777032866E+00
 -.1259999871E+02 -.5304853291E+00 -.2397666267E+00 0.5821535190E+00
 -.1240000129E+02 -.5190185154E+00 -.2731272748E+00 0.5864969971E+00
 -.1219999790E+02 -.5053575084E+00 -.3059140183E+00 0.5907364877E+00
 -.1200000048E+02 -.4895361802E+00 -.3379794263E+00 0.5948745786E+00
 -.1179999709E+02 -.4715982045E+00 -.3691784948E+00 0.5989137062E+00
 -.1159999967E+02 -.4515968651E+00 -.3993692698E+00 0.6028561538E+00
 -.1140000224E+02 -.4295948462E+00 -.4284134737E+00 0.6067040764E+00
 -.1119999886E+02 -.4056639672E+00 -.4561771059E+00 0.6104595042E+00
 -.1100000143E+02 -.3798848805E+00 -.4825310249E+00 0.6141243461E+00
 -.1079999804E+02 -.3523467446E+00 -.5073515242E+00 0.6177004108E+00
 -.1060000062E+02 -.3231468440E+00 -.5305208671E+00 0.6211894020E+00
 -.1039999723E+02 -.2923901905E+00 -.5519278166E+00 0.6245929380E+00
 -.1019999981E+02 -.2601890768E+00 -.5714681175E+00 0.6279125456E+00
 -.1000000238E+02 -.2266626119E+00 -.5890449704E+00 0.6311496787E+00
 -.9799998999E+01 -.1919362182E+00 -.6045694587E+00 0.6343057167E+00
 -.9600001574E+01 -.1561411024E+00 -.6179609412E+00 0.6373819645E+00
 -.9399998188E+01 -.1194137081E+00 -.6291474275E+00 0.6403796680E+00
 -.9200000763E+01 -.8189513812E-01 -.6380658942E+00 0.6433000070E+00
 -.8999997377E+01 -.4373056213E-01 -.6446625851E+00 0.6461441099E+00
 -.8799999952E+01 -.5068603033E-02 -.6488932504E+00 0.6489130459E+00
 -.8600002527E+01 0.3393928929E-01 -.6507233674E+00 0.6516078393E+00
 -.8399999142E+01 0.7313947848E-01 -.6501283041E+00 0.6542294668E+00
 -.8200001717E+01 0.1123767900E+00 -.6470934406E+00 0.6567788546E+00
 -.7999998331E+01 0.1514951682E+00 -.6416142637E+00 0.6592568918E+00
 -.7800000906E+01 0.1903383349E+00 -.6336963983E+00 0.6616644217E+00
 -.7599997520E+01 0.2287504531E+00 -.6233556162E+00 0.6640022545E+00
 -.7400000095E+01 0.2665767846E+00 -.6106177814E+00 0.6662711588E+00
 -.7200002670E+01 0.3036643487E+00 -.5955187724E+00 0.6684718730E+00
 -.6999999285E+01 0.3398625699E+00 -.5781043478E+00 0.6706051024E+00
 -.6800001860E+01 0.3750239144E+00 -.5584299704E+00 0.6726715158E+00
 -.6599998474E+01 0.4090045209E+00 -.5365606032E+00 0.6746717565E+00
 -.6400001049E+01 0.4416648076E+00 -.5125704482E+00 0.6766064341E+00
 -.6199997663E+01 0.4728700709E+00 -.4865426614E+00 0.6784761347E+00
 -.6000000238E+01 0.5024910533E+00 -.4585690161E+00 0.6802814133E+00
 -.5800002813E+01 0.5304045004E+00 -.4287495424E+00 0.6820228032E+00
 -.5599999428E+01 0.5564936837E+00 -.3971921216E+00 0.6837008128E+00
 -.5400002003E+01 0.5806488970E+00 -.3640120499E+00 0.6853159228E+00
 -.5199998617E+01 0.6027679315E+00 -.3293315758E+00 0.6868685945E+00
 -.5000001192E+01 0.6227565084E+00 -.2932794004E+00 0.6883592634E+00
 -.4799997807E+01 0.6405286902E+00 -.2559901570E+00 0.6897883468E+00
 -.4600000381E+01 0.6560072450E+00 -.2176038596E+00 0.6911562379E+00
 -.4400002956E+01 0.6691239869E+00 -.1782653337E+00 0.6924633124E+00
 -.4199999571E+01 0.6798200696E+00 -.1381236228E+00 0.6937099265E+00
 -.4000002146E+01 0.6880462409E+00 -.9733137739E-01 0.6948964144E+00
 -.3799998760E+01 0.6937630659E+00 -.5604423119E-01 0.6960230941E+00
 -.3600001335E+01 0.6969410980E+00 -.1442016128E-01 0.6970902632E+00
 -.3399997950E+01 0.6975610184E+00 0.2738115979E-01 0.6980982039E+00
 -.3200000525E+01 0.6956137245E+00 0.6919902030E-01 0.6990471788E+00
 -.2999997139E+01 0.6911003836E+00 0.1108723301E+00 0.6999374356E+00
 -.2799999714E+01 0.6840324354E+00 0.1522402830E+00 0.7007692035E+00
 -.2600002289E+01 0.6744315608E+00 0.1931430188E+00 0.7015426972E+00
 -.2399998903E+01 0.6623296001E+00 0.2334222815E+00 0.7022581154E+00
 -.2200001478E+01 0.6477684308E+00 0.2729220700E+00 0.7029156395E+00
 -.1999998093E+01 0.6307998076E+00 0.3114892815E+00 0.7035154368E+00
 -.1800000668E+01 0.6114851552E+00 0.3489743415E+00 0.7040576582E+00
 -.1599997282E+01 0.5898953257E+00 0.3852318204E+00 0.7045424407E+00
 -.1399999857E+01 0.5661103128E+00 0.4201210316E+00 0.7049699054E+00
 -.1200002432E+01 0.5402189309E+00 0.4535066124E+00 0.7053401596E+00
 -.9999990463E+00 0.5123184555E+00 0.4852590800E+00 0.7056532963E+00
 -.8000016212E+00 0.4825142278E+00 0.5152553649E+00 0.7059093929E+00
 -.5999982357E+00 0.4509192279E+00 0.5433793175E+00 0.7061085134E+00
 -.4000008106E+00 0.4176536142E+00 0.5695221854E+00 0.7062507070E+00
 -.1999974251E+00 0.3828442339E+00 0.5935830610E+00 0.7063360091E+00
 0.0000000000E+00 0.3466241048E+00 0.6154692949E+00 0.7063644407E+00
 0.1999974251E+00 0.3091318722E+00 0.6350968770E+00 0.7063360090E+00
 0.3999948502E+00 0.2705112417E+00 0.6523907794E+00 0.7062507068E+00
 0.6000041962E+00 0.2309103909E+00 0.6672852638E+00 0.7061085129E+00
 0.8000016212E+00 0.1904813640E+00 0.6797241501E+00 0.7059093924E+00
 0.9999990463E+00 0.1493794474E+00 0.6896610431E+00 0.7056532957E+00
 0.1199996471E+01 0.1077625350E+00 0.6970595210E+00 0.7053401589E+00
 0.1400005817E+01 0.6579048044E-01 0.7018932809E+00 0.7049699036E+00
 0.1600003242E+01 0.2362444286E-01 0.7041462446E+00 0.7045424388E+00
 0.1800000668E+01 -.1857377419E-01 0.7038126166E+00 0.7040576570E+00
 0.1999998093E+01 -.6064238511E-01 0.7008969041E+00 0.7035154362E+00
 0.2199995518E+01 -.1024202849E+00 0.6954138922E+00 0.7029156394E+00
 0.2400004864E+01 -.1437477086E+00 0.6873885768E+00 0.7022581144E+00
 0.2600002289E+01 -.1844668863E+00 0.6768560580E+00 0.7015426968E+00
 0.2799999714E+01 -.2244226871E+00 0.6638613817E+00 0.7007692036E+00
 0.2999997139E+01 -.2634632537E+00 0.6484593500E+00 0.6999374362E+00
 0.3199994564E+01 -.3014406224E+00 0.6307142863E+00 0.6990471799E+00
 0.3400003910E+01 -.3382113272E+00 0.6106997625E+00 0.6980982035E+00
 0.3600001335E+01 -.3736369867E+00 0.5884982903E+00 0.6970902635E+00
 0.3799998760E+01 -.4075848633E+00 0.5642009642E+00 0.6960230950E+00
 0.3999996185E+01 -.4399284047E+00 0.5379070810E+00 0.6948964160E+00
 0.4200005531E+01 -.4705477567E+00 0.5097237199E+00 0.6937099264E+00
 0.4400002956E+01 -.4993302526E+00 0.4797652956E+00 0.6924633132E+00
 0.4600000381E+01 -.5261708610E+00 0.4481530681E+00 0.6911562395E+00
 0.4799997807E+01 -.5509726115E+00 0.4150146365E+00 0.6897883495E+00
 0.4999995232E+01 -.5736469828E+00 0.3804834030E+00 0.6883592673E+00
 0.5200004578E+01 -.5941142564E+00 0.3446980117E+00 0.6868685965E+00
 0.5400002003E+01 -.6123038378E+00 0.3078017696E+00 0.6853159265E+00
 0.5599999428E+01 -.6281545232E+00 0.2699420384E+00 0.6837008185E+00
 0.5799996853E+01 -.6416147425E+00 0.2312696203E+00 0.6820228112E+00
 0.5999994278E+01 -.6526427560E+00 0.1919381254E+00 0.6802814204E+00
 0.6200003624E+01 -.6612068109E+00 0.1521033283E+00 0.6784761375E+00
 0.6400001049E+01 -.6672852618E+00 0.1119225171E+00 0.6766064369E+00
 0.6599998474E+01 -.6708666277E+00 0.7155383138E-01 0.6746717594E+00
 0.6799995899E+01 -.6719496267E+00 0.3115560271E-01 0.6726715190E+00
 0.7000005245E+01 -.6705431617E+00 -.9114306681E-02 0.6706051016E+00
 0.7200002670E+01 -.6666662708E+00 -.4909916428E-01 0.6684718727E+00
 0.7400000095E+01 -.6603480102E+00 -.8864402192E-01 0.6662711589E+00
 0.7599997520E+01 -.6516273193E+00 -.1275963612E+00 0.6640022550E+00
 0.7799994946E+01 -.6405528366E+00 -.1658067295E+00 0.6616644225E+00
 0.8000004292E+01 -.6271826742E+00 -.2031293618E+00 0.6592568880E+00
 0.8200001717E+01 -.6115841612E+00 -.2394227911E+00 0.6567788510E+00
 0.8399999142E+01 -.5938335216E+00 -.2745504306E+00 0.6542294631E+00
 0.8599996567E+01 -.5740155413E+00 -.3083811428E+00 0.6516078352E+00
 0.8800005913E+01 -.5522231908E+00 -.3407897820E+00 0.6489130357E+00
 0.9000003338E+01 -.5285572209E+00 -.3716577190E+00 0.6461440984E+00
 0.9200000763E+01 -.5031257002E+00 -.4008733197E+00 0.6432999989E+00
 0.9399998188E+01 -.4760435477E+00 -.4283324097E+00 0.6403796628E+00
 0.9599995613E+01 -.4474320285E+00 -.4539387017E+00 0.6373819617E+00
 0.9800004959E+01 -.4174182222E+00 -.4776041895E+00 0.6343057102E+00
 0.1000000238E+02 -.3861344737E+00 -.4992495161E+00 0.6311496741E+00
 0.1019999981E+02 -.3537178001E+00 -.5188042781E+00 0.6279125426E+00
 0.1039999723E+02 -.3203093014E+00 -.5362073176E+00 0.6245929362E+00
 0.1059999466E+02 -.2860535460E+00 -.5514069652E+00 0.6211894014E+00
 0.1080000401E+02 -.2510979418E+00 -.5643612442E+00 0.6177004050E+00
 0.1100000143E+02 -.2155921004E+00 -.5750380444E+00 0.6141243410E+00
 0.1119999886E+02 -.1796871764E+00 -.5834152203E+00 0.6104594995E+00
 0.1139999628E+02 -.1435352190E+00 -.5894806797E+00 0.6067040718E+00
 0.1160000563E+02 -.1072885126E+00 -.5932324196E+00 0.6028561425E+00
 0.1180000305E+02 -.7109891973E-01 -.5946785322E+00 0.5989136942E+00
 0.1200000048E+02 -.3511721865E-01 -.5938371301E+00 0.5948745718E+00
 0.1219999790E+02 0.5075443880E-03 -.5907362675E+00 0.5907364856E+00
 0.1239999533E+02 0.3562869870E-01 -.5854138079E+00 0.5864969997E+00
 0.1260000467E+02 0.7010258213E-01 -.5779172502E+00 0.5821535194E+00
 0.1280000210E+02 0.1037891632E+00 -.5683035306E+00 0.5777032918E+00
 0.1299999952E+02 0.1365526426E+00 -.5566387440E+00 0.5731433638E+00
 0.1319999695E+02 0.1682620395E+00 -.5429978701E+00 0.5684705805E+00
 0.1339999437E+02 0.1987917566E+00 -.5274644514E+00 0.5636815679E+00
 0.1360000372E+02 0.2280221248E+00 -.5101302361E+00 0.5587727151E+00
 0.1380000114E+02 0.2558399284E+00 -.4910948045E+00 0.5537401701E+00
 0.1399999857E+02 0.2821388901E+00 -.4704651251E+00 0.5485797912E+00
 0.1419999599E+02 0.3068201427E+00 -.4483551255E+00 0.5432871419E+00
 0.1440000534E+02 0.3297926706E+00 -.4248852226E+00 0.5378574699E+00
 0.1460000277E+02 0.3509737334E+00 -.4001818424E+00 0.5322857020E+00
 0.1480000019E+02 0.3702892355E+00 -.3743768835E+00 0.5265663954E+00
 0.1499999762E+02 0.3876740925E+00 -.3476071981E+00 0.5206937355E+00
 0.1519999504E+02 0.4030725658E+00 -.3200140418E+00 0.5146615201E+00
 0.1540000439E+02 0.4164385709E+00 -.2917425070E+00 0.5084631488E+00
 0.1560000181E+02 0.4277359757E+00 -.2629409473E+00 0.5020916318E+00
 0.1579999924E+02 0.4369388417E+00 -.2337603598E+00 0.4955395617E+00
 0.1599999666E+02 0.4440316797E+00 -.2043537759E+00 0.4887991390E+00
 0.1619999409E+02 0.4490096771E+00 -.1748756220E+00 0.4818621933E+00
 0.1640000343E+02 0.4518789093E+00 -.1454810557E+00 0.4747202189E+00
 0.1660000086E+02 0.4526565498E+00 -.1163252769E+00 0.4673644425E+00
 0.1679999828E+02 0.4513710228E+00 -.8756279040E-01 0.4597858659E+00
 0.1699999571E+02 0.4480621801E+00 -.5934664247E-01 0.4519753768E+00
 0.1720000505E+02 0.4427814434E+00 -.3182760153E-01 0.4439238706E+00
 0.1740000248E+02 0.4355919349E+00 -.5153280112E-02 0.4356224168E+00
 0.1759999990E+02 0.4265685283E+00 0.2053281347E-01 0.4270624144E+00
 0.1779999733E+02 0.4157978957E+00 0.4509229323E-01 0.4182358246E+00
 0.1799999475E+02 0.4033784751E+00 0.6839299840E-01 0.4091354255E+00
 0.1820000410E+02 0.3894203549E+00 0.9031018227E-01 0.3997551023E+00
 0.1840000153E+02 0.3740450625E+00 0.1107277908E+00 0.3900901850E+00
 0.1859999895E+02 0.3573851786E+00 0.1295398121E+00 0.3801377761E+00
 0.1879999638E+02 0.3395838269E+00 0.1466517012E+00 0.3698971438E+00
 0.1900000572E+02 0.3207939545E+00 0.1619818501E+00 0.3593701170E+00
 0.1920000315E+02 0.3011773977E+00 0.1754630820E+00 0.3485614981E+00
 0.1940000057E+02 0.2809036601E+00 0.1870441037E+00 0.3374794261E+00
 0.1959999800E+02 0.2601484538E+00 0.1966909008E+00 0.3261357516E+00
 0.1979999542E+02 0.2390919423E+00 0.2043879927E+00 0.3145463534E+00
 0.2000000477E+02 0.2179167000E+00 0.2101394873E+00 0.3027313864E+00
 0.2020000219E+02 0.1968054119E+00 0.2139698695E+00 0.2907154540E+00
 0.2039999962E+02 0.1759383148E+00 0.2159244179E+00 0.2785276375E+00
 0.2059999704E+02 0.1554904860E+00 0.2160692306E+00 0.2662014344E+00
 0.2079999447E+02 0.1356290156E+00 0.2144907701E+00 0.2537745462E+00
 0.2100000381E+02 0.1165101615E+00 0.2112948938E+00 0.2412885200E+00
 0.2120000124E+02 0.9827659575E-01 0.2066053600E+00 0.2287882515E+00
 0.2139999866E+02 0.8105483395E-01 0.2005617792E+00 0.2163213197E+00
 0.2159999609E+02 0.6495299183E-01 0.1933171000E+00 0.2039372264E+00
 0.2180000544E+02 0.5005895262E-01 0.1850346591E+00 0.1916865249E+00
 0.2200000286E+02 0.3643904426E-01 0.1758849048E+00 0.1796198866E+00
 0.2220000029E+02 0.2413728800E-01 0.1660418777E+00 0.1677871087E+00
 0.2239999771E+02 0.1317527379E-01 0.1556796280E+00 0.1562361495E+00
 0.2259999514E+02 0.3552661384E-02 0.1449686748E+00 0.1450121997E+00
 0.2280000448E+02 -.4751712822E-02 0.1340726552E+00 0.1341568323E+00
 0.2300000191E+02 -.1177817810E-01 0.1231452934E+00 0.1237072705E+00
 0.2319999933E+02 -.1758410088E-01 0.1123277737E+00 0.1136957754E+00
 0.2339999676E+02 -.2224138801E-01 0.1017466367E+00 0.1041492075E+00
 0.2359999418E+02 -.2583373833E-01 0.9151222549E-01 0.9508874513E-01
 0.2380000353E+02 -.2845376275E-01 0.8171771168E-01 0.8652976954E-01
 0.2400000095E+02 -.3020009269E-01 0.7243869521E-01 0.7848190978E-01
 0.2419999838E+02 -.3117458005E-01 0.6373333034E-01 0.7094922013E-01
 0.2439999580E+02 -.3147968988E-01 0.5564294401E-01 0.6393049423E-01
 0.2460000515E+02 -.3121615651E-01 0.4819305852E-01 0.5741967709E-01
 0.2480000257E+02 -.3048096012E-01 0.4139474218E-01 0.5140635768E-01
 0.2500000000E+02 -.2936565105E-01 0.3524619232E-01 0.4587630690E-01
 0.2519999743E+02 -.2795504442E-01 0.2973447941E-01 0.4081205428E-01
 0.2539999485E+02 -.2632627566E-01 0.2483736186E-01 0.3619347088E-01
 0.2560000420E+02 -.2454819976E-01 0.2052510259E-01 0.3199834289E-01
 0.2580000162E+02 -.2268110581E-01 0.1676222731E-01 0.2820292228E-01
 0.2599999905E+02 -.2077670378E-01 0.1350917165E-01 0.2478243609E-01
 0.2619999647E+02 -.1887834862E-01 0.1072378679E-01 0.2171155567E-01
 0.2640000582E+02 -.1702145199E-01 0.8362673897E-02 0.1896481328E-01
 0.2660000324E+02 -.1523403955E-01 0.6382334575E-02 0.1651696569E-01
 0.2680000067E+02 -.1353740816E-01 0.4740130689E-02 0.1434330013E-01
 0.2699999809E+02 -.1194685025E-01 0.3395059216E-02 0.1241988961E-01
 0.2719999552E+02 -.1047240788E-01 0.2308349026E-02 0.1072379607E-01
 0.2740000486E+02 -.9119628693E-02 0.1443893867E-02 0.9233225709E-02
 0.2760000229E+02 -.7890301054E-02 0.7685384443E-03 0.7927641645E-02
 0.2779999971E+02 -.6783148057E-02 0.2522360723E-03 0.6787836224E-02
 0.2799999714E+02 -.5794470128E-02 -.1319020391E-03 0.5795971206E-02
 0.2819999456E+02 -.4918725196E-02 -.4076469510E-03 0.4935588475E-02
 0.2840000391E+02 -.4149041857E-02 -.5957629111E-03 0.4191596566E-02
 0.2860000134E+02 -.3477663906E-02 -.7141718715E-03 0.3550237697E-02
 0.2879999876E+02 -.2896326129E-02 -.7781559785E-03 0.2999038475E-02
 0.2899999619E+02 -.2396565677E-02 -.8005846502E-03 0.2526749459E-02
 0.2920000553E+02 -.1969972427E-02 -.7921546201E-03 0.2123275843E-02
 0.2940000296E+02 -.1608384187E-02 -.7616334560E-03 0.1779602544E-02
 0.2960000038E+02 -.1304032370E-02 -.7160987239E-03 0.1487715633E-02
 0.2979999781E+02 -.1049645252E-02 -.6611671964E-03 0.1240522961E-02
 0.2999999523E+02 -.8385146541E-03 -.6012096622E-03 0.1031775113E-02
 0.3020000458E+02 -.6645323408E-03 -.5395484827E-03 0.8559881992E-03
 0.3040000200E+02 -.5222019050E-03 -.4786362238E-03 0.7083695818E-03
 0.3059999943E+02 -.4066312236E-03 -.4202144978E-03 0.5847471045E-03
 0.3079999685E+02 -.3135104008E-03 -.3654532628E-03 0.4815027089E-03
 0.3099999428E+02 -.2390790762E-03 -.3150710997E-03 0.3955105593E-03
 0.3120000362E+02 -.1800866014E-03 -.2694375912E-03 0.3240799277E-03
 0.3140000105E+02 -.1337479660E-03 -.2286592084E-03 0.2649029105E-03
 0.3159999847E+02 -.9769775435E-04 -.1926502145E-03 0.2160068433E-03
 0.3179999590E+02 -.6994403641E-04 -.1611903446E-03 0.1757113981E-03
 0.3200000525E+02 -.4882352761E-04 -.1339708628E-03 0.1425900730E-03
 0.3220000267E+02 -.3295904566E-04 -.1106306415E-03 0.1154358590E-03
 0.3240000010E+02 -.2121993884E-04 -.9078375511E-04 0.9323076744E-04
 0.3259999752E+02 -.1268592677E-04 -.7404004676E-04 0.7511898071E-04
 0.3279999495E+02 -.6614543514E-05 -.6001990107E-04 0.6038328172E-04
 0.3300000429E+02 -.2412225765E-05 -.4836435290E-04 0.4842447175E-04
 0.3320000172E+02 0.3910419315E-06 -.3874151117E-04 0.3874348463E-04
 0.3339999914E+02 0.2163704638E-05 -.3085011876E-04 0.3092590249E-04
 0.3359999657E+02 0.3191476316E-05 -.2442096871E-04 0.2462862630E-04
 0.3380000591E+02 0.3693320313E-05 -.1921674187E-04 0.1956843844E-04
 0.3400000334E+02 0.3834866291E-05 -.1503074087E-04 0.1551223294E-04
 0.3420000076E+02 0.3739561024E-05 -.1168488967E-04 0.1226869852E-04
 0.3439999819E+02 0.3497844859E-05 -.9027298965E-05 0.9681272915E-05
 0.3459999561E+02 0.3174627667E-05 -.6929614020E-05 0.7622192027E-05
 0.3480000496E+02 0.2815317913E-05 -.5284311077E-05 0.5987483487E-05
 0.3500000238E+02 0.2450634624E-05 -.4002059868E-05 0.4692770317E-05
 0.3519999981E+02 0.2100405768E-05 -.3009230289E-05 0.3669764478E-05
 0.3539999723E+02 0.1776533327E-05 -.2245595301E-05 0.2863349248E-05
 0.3559999466E+02 0.1485279084E-05 -.1662255392E-05 0.2229158349E-05
 0.3580000401E+02 0.1229003364E-05 -.1219795181E-05 0.1731574299E-05
 0.3600000143E+02 0.1007468079E-05 -.8866701508E-06 0.1342078942E-05
 0.3619999886E+02 0.8187963460E-06 -.6378126928E-06 0.1037898110E-05
 0.3639999628E+02 0.6601654529E-06 -.4534422072E-06 0.8008921653E-06
 0.3660000563E+02 0.5282948043E-06 -.3180599138E-06 0.6166502323E-06
 0.3680000305E+02 0.4197788292E-06 -.2196082605E-06 0.4737531568E-06
 0.3700000048E+02 0.3313043006E-06 -.1487744723E-06 0.3631754166E-06
 0.3719999790E+02 0.2597833842E-06 -.9841879118E-07 0.2778014852E-06
 0.3739999533E+02 0.2024263189E-06 -.6310900492E-07 0.2120357542E-06
 0.3760000467E+02 0.1567721539E-06 -.3874466493E-07 0.1614888767E-06
 0.3780000210E+02 0.1206913758E-06 -.2225616454E-07 0.1227263014E-06
 0.3799999952E+02 0.9237058893E-07 -.1136566993E-07 0.9306720235E-07
 0.3819999695E+02 0.7028671670E-07 -.4398703596E-08 0.7042422267E-07
 0.3839999437E+02 0.5317589092E-07 -.1368050222E-09 0.5317606689E-07
 0.3860000372E+02 0.4000061642E-07 0.2296770905E-08 0.4006650060E-07
 0.3880000114E+02 0.2991755721E-07 0.3525013566E-08 0.3012450747E-07
 0.3899999857E+02 0.2224737537E-07 0.3984288098E-08 0.2260133320E-07
 0.3919999599E+02 0.1644744228E-07 0.3975136620E-08 0.1692099491E-07
 0.3940000534E+02 0.1208776013E-07 0.3700382101E-08 0.1264147035E-07
 0.3960000277E+02 0.8830150022E-08 0.3293442753E-08 0.9424346905E-08
 0.3980000019E+02 0.6410562847E-08 0.2839162282E-08 0.7011145304E-08
 0.3999999762E+02 0.4624266508E-08 0.2388971294E-08 0.5204903898E-08
 0.4019999504E+02 0.3313595099E-08 0.1971792174E-08 0.3855888595E-08
 0.4040000439E+02 0.2357932389E-08 0.1601779457E-08 0.2850533737E-08
 0.4060000181E+02 0.1665606452E-08 0.1283731632E-08 0.2102905551E-08
 0.4079999924E+02 0.1167392261E-08 0.1016807812E-08 0.1548128811E-08
 0.4099999666E+02 0.8113503094E-09 0.7970263869E-09 0.1137339169E-08
 0.4119999409E+02 0.5587600670E-09 0.6188994027E-09 0.8338160968E-09
 0.4140000343E+02 0.3809416290E-09 0.4764635333E-09 0.6100278873E-09
 0.4160000086E+02 0.2567905300E-09 0.3638974062E-09 0.4453792750E-09
 0.4179999828E+02 0.1708796886E-09 0.2758614179E-09 0.3244986747E-09
 0.4199999571E+02 0.1120086762E-09 0.2076568586E-09 0.2359392178E-09
 0.4220000505E+02 0.7210259835E-10 0.1552715016E-09 0.1711958642E-09
 0.4240000248E+02 0.4538218396E-10 0.1153577790E-09 0.1239635422E-09
 0.4259999990E+02 0.2774259027E-10 0.8517428639E-10 0.8957851516E-10
 0.4279999733E+02 0.1629168022E-10 0.6251069294E-10 0.6459880476E-10
 0.4299999475E+02 0.9009199523E-11 0.4560847437E-10 0.4648976888E-10
 0.4320000410E+02 0.4496974669E-11 0.3308483000E-10 0.3338905146E-10
 0.4340000153E+02 0.1797139224E-11 0.2386371454E-10 0.2393128875E-10
 0.4359999895E+02 0.2608369537E-12 0.1711569140E-10 0.1711767881E-10
 0.4379999638E+02 -.5458888074E-12 0.1220697518E-10 0.1221917499E-10
 0.4400000572E+02 -.9090156838E-12 0.8657201744E-11 0.8704794745E-11
 0.4420000315E+02 -.1013728427E-11 0.6105063671E-11 0.6188654761E-11
 0.4440000057E+02 -.9773924501E-12 0.4280766612E-11 0.4390929149E-11
 0.4459999800E+02 -.8723738751E-12 0.2984245547E-11 0.3109140985E-11
 0.4479999542E+02 -.7416662793E-12 0.2068132845E-11 0.2197098617E-11
 0.4500000477E+02 -.6094665088E-12 0.1424580520E-11 0.1549477036E-11
 0.4520000219E+02 -.4882375251E-12 0.9751612873E-12 0.1090557388E-11
 0.4539999962E+02 -.3833528124E-12 0.6631965024E-12 0.7660215268E-12
 0.4559999704E+02 -.2960951045E-12 0.4479762349E-12 0.5369869812E-12
 0.4579999447E+02 -.2255491158E-12 0.3004381512E-12 0.3756800319E-12
 0.4600000381E+02 -.1697618989E-12 0.1999609830E-12 0.2623042071E-12
 0.4620000124E+02 -.1264264893E-12 0.1320019911E-12 0.1827790547E-12
 0.4639999866E+02 -.9326157620E-13 0.8636817136E-13 0.1271109068E-12
 0.4659999609E+02 -.6820248793E-13 0.5595976511E-13 0.8822173582E-13
 0.4680000544E+02 -.4947898250E-13 0.3586297492E-13 0.6110910472E-13
 0.4700000286E+02 -.3562847410E-13 0.2269909535E-13 0.4224496534E-13
 0.4720000029E+02 -.2547521183E-13 0.1416057866E-13 0.2914632748E-13
 0.4739999771E+02 -.1809403194E-13 0.8682483075E-14 0.2006936731E-13
 0.4759999514E+02 -.1276950775E-13 0.5211283132E-14 0.1379194692E-13
 0.4780000448E+02 -.8956430649E-14 0.3043249331E-14 0.9459334885E-14
 0.4800000191E+02 -.6244516450E-14 0.1712207576E-14 0.6475001195E-14
 0.4819999933E+02 -.4328423412E-14 0.9121158181E-15 0.4423483300E-14
 0.4839999676E+02 -.2983162487E-14 0.4440292437E-15 0.3016027253E-14
 0.4859999418E+02 -.2044448374E-14 0.1800315998E-15 0.2052359747E-14
 0.4880000353E+02 -.1393320337E-14 0.3888944480E-16 0.1393862960E-14
 0.4900000095E+02 -.9443072681E-15 -.3025084260E-16 0.9447916860E-15
 0.4919999838E+02 -.6364493145E-15 -.5868835831E-16 0.6391494766E-15
 0.4939999580E+02 -.4265714009E-15 -.6529056276E-16 0.4315391265E-15
 0.4960000515E+02 -.2842985804E-15 -.6113376133E-16 0.2907972138E-15
 0.4980000257E+02 -.1883987457E-15 -.5249325377E-16 0.1955751238E-15
 0.5000000000E+02 -.1241233636E-15 -.4274631820E-16 0.1312777861E-15
 0.5019999743E+02 -.8129019005E-16 -.3356617299E-16 0.8794761491E-16
 0.5039999485E+02 -.5291167993E-16 -.2565856937E-16 0.5880483021E-16
 0.5060000420E+02 -.3422106391E-16 -.1920699769E-16 0.3924270602E-16
 0.5080000162E+02 -.2198568321E-16 -.1413488030E-16 0.2613742733E-16
 0.5099999905E+02 -.1402613117E-16 -.1025472175E-16 0.1737503018E-16
 0.5119999647E+02 -.8881746474E-17 -.7348858371E-17 0.1152784194E-16
 0.5140000582E+02 -.5579394827E-17 -.5209860012E-17 0.7633628756E-17
 0.5160000324E+02 -.3474651728E-17 -.3657937018E-17 0.5045166782E-17
 0.5180000067E+02 -.2143388645E-17 -.2545863226E-17 0.3327992555E-17
 0.5199999809E+02 -.1308222849E-17 -.1757627412E-17 0.2191050237E-17
 0.5219999552E+02 -.7889228817E-18 -.1204356049E-17 0.1439747480E-17
 0.5240000486E+02 -.4691725585E-18 -.8194373320E-18 0.9442459588E-18
 0.5260000229E+02 -.2744353243E-18 -.5538201775E-18 0.6180869973E-18
 0.5279999971E+02 -.1573037160E-18 -.3719148766E-18 0.4038132421E-18
 0.5299999714E+02 -.8786497086E-19 -.2482248024E-18 0.2633169300E-18
 0.5319999456E+02 -.4740664355E-19 -.1646866033E-18 0.1713740563E-18
 0.5340000391E+02 -.2433216611E-19 -.1086300516E-18 0.1113217967E-18
 0.5360000134E+02 -.1152908581E-19 -.7124792906E-19 0.7217469928E-19
 0.5379999876E+02 -.4685815564E-20 -.4646900026E-19 0.4670465558E-19
 0.5399999619E+02 -.1223456381E-20 -.3014040178E-19 0.3016522278E-19
 0.5420000553E+02 0.3764166520E-21 -.1944211162E-19 0.1944575516E-19
 0.5440000296E+02 0.9909696928E-21 -.1247237851E-19 0.1251168440E-19
 0.5460000038E+02 0.1114965752E-20 -.7957159167E-20 0.8034894563E-20
 0.5479999781E+02 0.1018847141E-20 -.5048351976E-20 0.5150136617E-20
 0.5499999523E+02 0.8440764868E-21 -.3184870376E-20 0.3294823884E-20
 0.5520000458E+02 0.6598113763E-21 -.1997740199E-20 0.2103881402E-20
 0.5540000200E+02 0.4960198529E-21 -.1245751336E-20 0.1340869899E-20
 0.5559999943E+02 0.3624260011E-21 -.7721330996E-21 0.8529608021E-21
 0.5579999685E+02 0.2590608687E-21 -.4755820732E-21 0.5415633315E-21
 0.5599999428E+02 0.1819285189E-21 -.2910130082E-21 0.3432004618E-21
 0.5620000362E+02 0.1258923131E-21 -.1768505133E-21 0.2170828840E-21
 0.5640000105E+02 0.8602416753E-22 -.1066906656E-21 0.1370512880E-21
 0.5659999847E+02 0.5813664957E-22 -.6386291759E-22 0.8636169443E-22
 0.5679999590E+02 0.3890534798E-22 -.3790478229E-22 0.5431757194E-22
 0.5700000525E+02 0.2580495770E-22 -.2229000660E-22 0.3409897705E-22
 0.5720000267E+02 0.1697660080E-22 -.1297321871E-22 0.2136608009E-22
 0.5740000010E+02 0.1108426355E-22 -.7463151010E-23 0.1336261657E-22
 0.5759999752E+02 0.7185826598E-23 -.4236014160E-23 0.8341457898E-23
 0.5779999495E+02 0.4627290449E-23 -.2366430787E-23 0.5197288867E-23
 0.5800000429E+02 0.2960684302E-23 -.1296686973E-23 0.3232189450E-23
 0.5820000172E+02 0.1882706026E-23 -.6933831853E-24 0.2006330537E-23
 0.5839999914E+02 0.1190108361E-23 -.3589671811E-24 0.1243066912E-23
 0.5859999657E+02 0.7479534195E-24 -.1775122149E-24 0.7687294090E-24
 0.5880000591E+02 0.4674137047E-24 -.8172303935E-25 0.4745041902E-24
 0.5900000334E+02 0.2904745553E-24 -.3301206461E-25 0.2923444265E-24
 0.5920000076E+02 0.1795240859E-24 -.9566017210E-26 0.1797787699E-24
 0.5939999819E+02 0.1103472934E-24 0.7385691596E-27 0.1103497650E-24
 0.5959999561E+02 0.6745745333E-25 0.4500753503E-26 0.6760743148E-25
 0.5980000496E+02 0.4101296622E-25 0.5218045429E-26 0.4134357745E-25
 0.6000000238E+02 0.2479805816E-25 0.4678634155E-26 0.2523555638E-25
 0.6019999981E+02 0.1491041261E-25 0.3750215383E-26 0.1537480145E-25
 0.6039999723E+02 0.8914448153E-26 0.2819547403E-26 0.9349718361E-26
 0.6059999466E+02 0.5298770778E-26 0.2032442612E-26 0.5675191163E-26
 0.6080000401E+02 0.3130823428E-26 0.1421448509E-26 0.3438396603E-26
 0.6100000143E+02 0.1838455310E-26 0.9714616715E-27 0.2079340209E-26
 0.6119999886E+02 0.1072617392E-26 0.6518061099E-27 0.1255133170E-26
 0.6139999628E+02 0.6215748642E-27 0.4307160984E-27 0.7562219709E-27
 0.6160000563E+02 0.3576232901E-27 0.2809510005E-27 0.4547833356E-27
 0.6180000305E+02 0.2041868853E-27 0.1812028841E-27 0.2729959145E-27
 0.6200000048E+02 0.1156200380E-27 0.1157033935E-27 0.1635703777E-27
 0.6219999790E+02 0.6487937051E-28 0.7321496642E-28 0.9782517072E-28
 0.6239999533E+02 0.3604308023E-28 0.4594746064E-28 0.5839754080E-28
 0.6260000467E+02 0.1979824955E-28 0.2861527209E-28 0.3479661596E-28
 0.6280000210E+02 0.1073474368E-28 0.1769390153E-28 0.2069562449E-28
 0.6299999952E+02 0.5732274093E-29 0.1086706934E-28 0.1228625908E-28
 0.6319999695E+02 0.3005010958E-29 0.6631404366E-29 0.7280495500E-29
 0.6339999437E+02 0.1539301810E-29 0.4021771791E-29 0.4306285917E-29
 0.6360000372E+02 0.7649551966E-30 0.2424603626E-29 0.2542412082E-29
 0.6380000114E+02 0.3644106902E-30 0.1453280625E-29 0.1498272247E-29
 0.6399999857E+02 0.1627727537E-30 0.8661666854E-30 0.8813283703E-30
 0.6419999599E+02 0.6494116979E-31 0.5133816382E-30 0.5174727644E-30
 0.6440000534E+02 0.1997167240E-31 0.3026193820E-30 0.3032776913E-30
 0.6460000277E+02 0.1059591703E-32 0.1774146379E-30 0.1774178020E-30
 0.6480000019E+02 -.5587087195E-32 0.1034488619E-30 0.1035996263E-30
 0.6499999762E+02 -.6861942935E-32 0.5999313256E-31 0.6038428782E-31
 0.6519999504E+02 -.6075553285E-32 0.3460202486E-31 0.3513136024E-31
 0.6540000439E+02 -.4725450258E-32 0.1984715983E-31 0.2040195171E-31
 0.6560000181E+02 -.3423350237E-32 0.1132015021E-31 0.1182645880E-31
 0.6579999924E+02 -.2369541095E-32 0.6419616774E-32 0.6842967524E-32
 0.6599999666E+02 -.1588158295E-32 0.3619091301E-32 0.3952223250E-32
 0.6619999409E+02 -.1038902121E-32 0.2027850145E-32 0.2278484985E-32
 0.6640000343E+02 -.6666609742E-33 0.1129039530E-32 0.1311170132E-32
 0.6660000086E+02 -.4210909011E-33 0.6244318219E-33 0.7531484895E-33
 0.6679999828E+02 -.2624481540E-33 0.3429239655E-33 0.4318285304E-33
 0.6699999571E+02 -.1616898078E-33 0.1869144631E-33 0.2471449180E-33
 0.6720000505E+02 -.9859998000E-34 0.1010568795E-33 0.1411894081E-33
 0.6740000248E+02 -.5957656821E-34 0.5415616157E-34 0.8051246684E-34
 0.6759999990E+02 -.3569691678E-34 0.2873982001E-34 0.4582845319E-34
 0.6779999733E+02 -.2122375293E-34 0.1508524403E-34 0.2603866886E-34
 0.6799999475E+02 -.1252778820E-34 0.7819268450E-35 0.1476774988E-34
 0.6820000410E+02 -.7344612397E-35 0.3993923076E-35 0.8360308176E-35
 0.6840000153E+02 -.4278120736E-35 0.2004314570E-35 0.4724361748E-35
 0.6859999895E+02 -.2476547077E-35 0.9840173446E-36 0.2664878151E-35
 0.6879999638E+02 -.1425103442E-35 0.4695425503E-36 0.1500463271E-35
 0.6900000572E+02 -.8153236011E-36 0.2154538737E-36 0.8433107056E-36
 0.6920000315E+02 -.4638296533E-36 0.9326116163E-37 0.4731126626E-36
 0.6940000057E+02 -.2624087452E-36 0.3657615142E-37 0.2649455876E-36
 0.6959999800E+02 -.1476463368E-36 0.1162387124E-37 0.1481031909E-36
 0.6979999542E+02 -.8262524292E-37 0.1540117116E-38 0.8263959540E-37
 0.7000000477E+02 -.4598943672E-37 -.1900006124E-38 0.4602866838E-37
 0.7020000219E+02 -.2545992067E-37 -.2585854548E-38 0.2559090081E-37
 0.7039999962E+02 -.1401834017E-37 -.2278769031E-38 0.1420234662E-37
 0.7059999704E+02 -.7676300762E-38 -.1725235405E-38 0.7867784351E-38
 0.7079999447E+02 -.4180093271E-38 -.1206544336E-38 0.4350738901E-38
 0.7100000381E+02 -.2263328948E-38 -.8029947200E-39 0.2401553341E-38
 0.7120000124E+02 -.1218347000E-38 -.5163432145E-39 0.1323245906E-38
 0.7139999866E+02 -.6518869592E-39 -.3236160645E-39 0.7277939027E-39
 0.7159999609E+02 -.3466150506E-39 -.1987879563E-39 0.3995730783E-39
 0.7180000544E+02 -.1830912936E-39 -.1201241155E-39 0.2189799646E-39
 0.7200000286E+02 -.9604496745E-40 -.7159506617E-40 0.1197935277E-39
 0.7220000029E+02 -.5001179924E-40 -.4216710348E-40 0.6541593597E-40
 0.7239999771E+02 -.2583559529E-40 -.2457652983E-40 0.3565787154E-40
 0.7259999514E+02 -.1323149094E-40 -.1419049561E-40 0.1940212665E-40
 0.7280000448E+02 -.6712106832E-41 -.8124094405E-41 0.1053818239E-40
 0.7300000191E+02 -.3368795836E-41 -.4614727693E-41 0.5713536301E-41
 0.7319999933E+02 -.1670357554E-41 -.2602231171E-41 0.3092200095E-41
 0.7339999676E+02 -.8165749681E-42 -.1457350722E-41 0.1670528600E-41
 0.7359999418E+02 -.3924980195E-42 -.8108763579E-42 0.9008746656E-42
 0.7380000353E+02 -.1847642548E-42 -.4483762454E-42 0.4849526650E-42
 0.7400000095E+02 -.8467522781E-43 -.2464502690E-42 0.2605909233E-42
 0.7419999838E+02 -.3742044553E-43 -.1346778294E-42 0.1397798536E-42
 0.7439999580E+02 -.1568149968E-43 -.7318251186E-43 0.7484376710E-43
 0.7460000515E+02 -.6023820628E-44 -.3954687869E-43 0.4000302525E-43
 0.7480000257E+02 -.1944448246E-44 -.2125429772E-43 0.2134305626E-43
 0.7500000000E+02 -.3557628568E-45 -.1136147053E-43 0.1136703919E-43
 0.7519999743E+02 0.1729638856E-45 -.6040703539E-44 0.6043179275E-44
 0.7539999485E+02 0.2836277366E-45 -.3194525280E-44 0.3207091589E-44
 0.7560000420E+02 0.2513394874E-45 -.1680274736E-44 0.1698968724E-44
 0.7580000162E+02 0.1858905210E-45 -.8789966008E-45 0.8984377051E-45
 0.7599999905E+02 0.1257409621E-45 -.4572908060E-45 0.4742632927E-45
 0.7619999647E+02 0.8057087362E-46 -.2365637575E-45 0.2499081372E-45
 0.7640000582E+02 0.4975730156E-46 -.1216722696E-45 0.1314531485E-45
 0.7660000324E+02 0.2990571280E-46 -.6220752825E-46 0.6902266460E-46
 0.7680000067E+02 0.1759961580E-46 -.3160841135E-46 0.3617786816E-46
 0.7699999809E+02 0.1018239660E-46 -.1595686836E-46 0.1892888925E-46
 0.7719999552E+02 0.5807789038E-47 -.8000666916E-47 0.9886409085E-47
 0.7740000486E+02 0.3272393168E-47 -.3982456768E-47 0.5154465923E-47
 0.7760000229E+02 0.1824188758E-47 -.1966936965E-47 0.2682630360E-47
 0.7779999971E+02 0.1007219984E-47 -.9632849300E-48 0.1393703682E-47
 0.7799999714E+02 0.5513389506E-48 -.4673890870E-48 0.7227912542E-48
 0.7819999456E+02 0.2994060203E-48 -.2244367227E-48 0.3741868617E-48
 0.7840000391E+02 0.1613971560E-48 -.1065101082E-48 0.1933738481E-48
 0.7860000134E+02 0.8640186638E-49 -.4986044121E-49 0.9975643394E-49
 0.7879999876E+02 0.4595186012E-49 -.2296543675E-49 0.5137104956E-49
 0.7899999619E+02 0.2428658499E-49 -.1036960633E-49 0.2640770618E-49
 0.7920000553E+02 0.1275907261E-49 -.4565225565E-50 0.1355120726E-49
 0.7940000296E+02 0.6664174917E-50 -.1942896517E-50 0.6941618990E-50
 0.7960000038E+02 0.3461114401E-50 -.7876209353E-51 0.3549599926E-50
 0.7979999781E+02 0.1787640229E-50 -.2955073028E-51 0.1811900151E-50
 0.7999999523E+02 0.9182850084E-51 -.9575107867E-52 0.9232635732E-51
 0.8020000458E+02 0.4691742302E-51 -.2064198342E-52 0.4696280972E-51
 0.8040000200E+02 0.2384319569E-51 0.3805712208E-53 0.2384623272E-51
 0.8059999943E+02 0.1205234153E-51 0.9163901667E-53 0.1208712982E-51
 0.8079999685E+02 0.6059639338E-52 0.8280958117E-53 0.6115960397E-52
 0.8099999428E+02 0.3030195873E-52 0.6008375066E-53 0.3089189657E-52
 0.8120000362E+02 0.1506993136E-52 0.3939176814E-53 0.1557626223E-52
 0.8140000105E+02 0.7452869649E-53 0.2433466466E-53 0.7840090882E-53
 0.8159999847E+02 0.3664780290E-53 0.1444793565E-53 0.3939294736E-53
 0.8179999590E+02 0.1791465846E-53 0.8334657772E-54 0.1975858062E-53
 0.8200000525E+02 0.8703825082E-54 0.4702896359E-54 0.9893119085E-54
 0.8220000267E+02 0.4201796867E-54 0.2606960927E-54 0.4944829844E-54
 0.8240000010E+02 0.2014828193E-54 0.1423978223E-54 0.2467234611E-54
 0.8259999752E+02 0.9592681679E-55 0.7680888256E-55 0.1228883990E-54
 0.8279999495E+02 0.4532309496E-55 0.4097840968E-55 0.6110166116E-55
 0.8300000429E+02 0.2123735844E-55 0.2165027135E-55 0.3032753935E-55
 0.8320000172E+02 0.9861325848E-56 0.1133825845E-55 0.1502670463E-55
 0.8339999914E+02 0.4532945136E-56 0.5890161431E-56 0.7432468856E-56
 0.8359999657E+02 0.2059966599E-56 0.3037131282E-56 0.3669826810E-56
 0.8380000591E+02 0.9238698258E-57 0.1555116353E-56 0.1808845578E-56
 0.8400000334E+02 0.4079359355E-57 0.7910305388E-57 0.8900230563E-57
 0.8420000076E+02 0.1767411737E-57 0.3998445288E-57 0.4371648312E-57
 0.8439999819E+02 0.7476371326E-58 0.2008941894E-57 0.2143550516E-57
 0.8459999561E+02 0.3064011192E-58 0.1003485828E-57 0.1049221356E-57
 0.8480000496E+02 0.1200804291E-58 0.4984182000E-58 0.5126792482E-58
 0.8500000238E+02 0.4390679599E-59 0.2461901854E-58 0.2500748170E-58
 0.8519999981E+02 0.1416154789E-59 0.1209436718E-58 0.1217699519E-58
 0.8539999723E+02 0.3350391220E-60 0.5909623022E-59 0.5919112727E-59
 0.8559999466E+02 -.9463776925E-62 0.2872217838E-59 0.2872233430E-59
 0.8580000401E+02 -.8790546849E-61 0.1388549196E-59 0.1391328948E-59
 0.8600000143E+02 -.8264707465E-61 0.6677064924E-60 0.6728019760E-60
 0.8619999886E+02 -.5912930729E-61 0.3193544822E-60 0.3247823276E-60
 0.8639999628E+02 -.3766016985E-61 0.1519127465E-60 0.1565112486E-60
 0.8660000563E+02 -.2246127162E-61 0.7186327760E-61 0.7529169536E-61
 0.8680000305E+02 -.1283417738E-61 0.3380299229E-61 0.3615741137E-61
 0.8700000048E+02 -.7112244237E-62 0.1580761179E-61 0.1733391498E-61
 0.8719999790E+02 -.3850713514E-62 0.7347668191E-62 0.8295554377E-62
 0.8739999533E+02 -.2046608281E-62 0.3393847292E-62 0.3963181159E-62
 0.8760000467E+02 -.1071264982E-62 0.1557240017E-62 0.1890133628E-62
 0.8780000210E+02 -.5535190047E-63 0.7095256318E-63 0.8998943886E-63
 0.8799999952E+02 -.2828015054E-63 0.3208619405E-63 0.4277020883E-63
 0.8819999695E+02 -.1430553458E-63 0.1439270942E-63 0.2029281656E-63
 0.8839999437E+02 -.7171860268E-64 0.6398974719E-64 0.9611579327E-64
 0.8860000372E+02 -.3566188126E-64 0.2817091552E-64 0.4544634480E-64
 0.8880000114E+02 -.1759914083E-64 0.1226507713E-64 0.2145138398E-64
 0.8899999857E+02 -.8624034895E-65 0.5272303454E-65 0.1010797515E-64
 0.8919999599E+02 -.4197947294E-65 0.2232642712E-65 0.4754729747E-65
 0.8940000534E+02 -.2030549043E-65 0.9284695252E-66 0.2232752802E-65
 0.8960000277E+02 -.9762382773E-66 0.3774556529E-66 0.1046668020E-65
 0.8980000019E+02 -.4666138050E-66 0.1489604577E-66 0.4898139044E-66
 0.8999999762E+02 -.2217652511E-66 0.5640932024E-67 0.2288270920E-66
 0.9019999504E+02 -.1048146760E-66 0.2006606260E-67 0.1067181483E-66
 0.9040000439E+02 -.4927056646E-67 0.6402739413E-68 0.4968484469E-67
 0.9060000181E+02 -.2303674662E-67 0.1598967620E-68 0.2309217166E-67
 0.9079999924E+02 -.1071376390E-67 0.1003927210E-69 0.1071423426E-67
 0.9099999666E+02 -.4956305430E-68 -.2507943927E-69 0.4962646607E-68
 0.9119999409E+02 -.2280686423E-68 -.2530144741E-69 0.2294677948E-68
 0.9140000343E+02 -.1043877855E-68 -.1796339083E-69 0.1059221090E-68
 0.9160000086E+02 -.4752079448E-69 -.1114383970E-69 0.4880994848E-69
 0.9179999828E+02 -.2151435083E-69 -.6426494755E-70 0.2245366622E-69
 0.9199999571E+02 -.9685680398E-70 -.3537729185E-70 0.1031154366E-69
 0.9220000505E+02 -.4335313945E-70 -.1884915845E-70 0.4727351769E-70
 0.9240000248E+02 -.1928913929E-70 -.9799555581E-71 0.2163566925E-70
 0.9259999990E+02 -.8529023042E-71 -.4997104463E-71 0.9885104302E-71
 0.9279999733E+02 -.3746682477E-71 -.2508129949E-71 0.4508696644E-71
 0.9299999475E+02 -.1634525870E-71 -.1242159109E-71 0.2052957397E-71
 0.9320000410E+02 -.7078343642E-72 -.6081176265E-72 0.9331862272E-72
 0.9340000153E+02 -.3040991082E-72 -.2946956401E-72 0.4234640337E-72
 0.9359999895E+02 -.1295171868E-72 -.1415113600E-72 0.1918336954E-72
 0.9379999638E+02 -.5463475755E-73 -.6739025269E-73 0.8675484362E-73
 0.9400000572E+02 -.2279950971E-73 -.3184741275E-73 0.3916727387E-73
 0.9420000315E+02 -.9397690291E-74 -.1494340908E-73 0.1765282010E-73
 0.9440000057E+02 -.3818091289E-74 -.6964777451E-74 0.7942666179E-74
 0.9459999800E+02 -.1524539777E-74 -.3225490967E-74 0.3567634161E-74
 0.9479999542E+02 -.5957680933E-75 -.1484692297E-74 0.1599765870E-74
 0.9500000477E+02 -.2264110467E-75 -.6794023029E-75 0.7161350789E-75
 0.9520000219E+02 -.8281494734E-76 -.3091334669E-75 0.3200340855E-75
 0.9539999962E+02 -.2862013859E-76 -.1398798816E-75 0.1427777771E-75
 0.9559999704E+02 -.8992624389E-77 -.6295087864E-76 0.6358993957E-76
 0.9579999447E+02 -.2314798933E-77 -.2817860658E-76 0.2827352406E-76
 0.9600000381E+02 -.2765144484E-78 -.1254671576E-76 0.1254976241E-76
 0.9620000124E+02 0.2106732475E-78 -.5557040775E-77 0.5561032763E-77
 0.9639999866E+02 0.2402589071E-78 -.2448267797E-77 0.2460028364E-77
 0.9659999609E+02 0.1706687979E-78 -.1072910702E-77 0.1086400116E-77
 0.9680000544E+02 0.1034386310E-78 -.4676633571E-78 0.4789661428E-78
 0.9700000286E+02 0.5777246498E-79 -.2027363597E-78 0.2108072324E-78
 0.9720000029E+02 0.3067405107E-79 -.8739937316E-79 0.9262584865E-79
 0.9739999771E+02 0.1572696677E-79 -.3746261074E-79 0.4062984970E-79
 0.9759999514E+02 0.7857086216E-80 -.1596313268E-79 0.1779200407E-79
 0.9780000448E+02 0.3846647155E-80 -.6760293489E-80 0.7778062895E-80
 0.9800000191E+02 0.1852481185E-80 -.2844546945E-80 0.3394574180E-80
 0.9819999933E+02 0.8798932364E-81 -.1188786725E-80 0.1478994924E-80
 0.9839999676E+02 0.4129996809E-81 -.4932240806E-81 0.6433029847E-81
 0.9859999418E+02 0.1918400185E-81 -.2030450193E-81 0.2793382762E-81
 0.9880000353E+02 0.8828149780E-82 -.8287784787E-82 0.1210882344E-81
 0.9900000095E+02 0.4027770618E-82 -.3350824154E-82 0.5239366246E-82
 0.9919999838E+02 0.1821983251E-82 -.1339577917E-82 0.2261435819E-82
 0.9939999580E+02 0.8148009795E-83 -.5269335593E-83 0.9703399467E-83
 0.9960000515E+02 0.3536103772E-83 -.1997146334E-83 0.4061111100E-83
 0.9980000257E+02 0.1324419679E-83 -.6466374463E-84 0.1473847846E-83
 0.1000000000E+03 0.0000000000E+00 0.0000000000E+00 0.0000000000E+00
